gbifAcceptedTaxonID
""
""
9720762
9225662
9143796
""
9143796
5812720
""
9661578
""
""
9162160
9025705
9749377
9769008
9222227
9149667
8788417
9062070
9062070
8788417
9689685
9673206
8088009
""
7921694
5152553
8957544
9152528
5812726
6130039
5812723
8766056
5812728
9713119
5812721
9677619
7579295
9702661
8783389
6130038
5812722
9797059
8876835
""
8735390
5152553
8735390
8985578
9747572
5152558
""
5152556
9723396
9219059
9752235
7921694
7921694
""
9730322
""
9682350
""
9723666
9669049
9181362
5152553
8777885
""
8736997
""
9211217
9679276
9796788
""
9787544
5812725
9750453
4486998
2008816
2008817
4777535
8761296
""
9023467
9651724
2008603
""
